192
0
111
1
0 17
3
4 2
20 5 3
4 21
7
23 6 8
7 9
8 10
9
12 27
13 11
14 12
30 15 13
14 31
32
1 33
34 19
18 20
19 4
5 22
21 38
24 39 7
25 23
26 24
27 25
11 26
44 29
28 30
29 14
15 47
48 16
17 34
33 18
51 36
35 37
36
22 54
23 40
39 56 41
40
58 43
42 59 44
43 28
46 61
62 45
31 63
64 49 32
48 50
49
52 67 35
68 51
54 69
38 53
71
40 72
73 58
57 42
43 75
61 76
45 60
78 46
47
65 48 80
66 64
67 65
51 66
69 52
53 68
71 86
72 55 70
56 71
89 57
75
59 91 74
60 77
76 93
79 62
95 78
64 81
80 97
83
84 82
85 83
86 84
70 85 87
86 88
87
90 105 73
106 89
75
93 108
77 92 94
93
111 79
112
81 98
97 99
98 100
99 101
100 117
118 103
102 104
103 120
89
107 90
123 106
92 109
108 125
126 111
110 95
113 96 128
114 112
115 113
116 114
132 115
101 118
117 102
135
104 121
120 137
138 123
122 107
125 140
109 124
127 110
143 126
112 129
128 130
129 146
147
133 116
149 134 132
133 150
136 151 119
137 135
121 136
139 122
140 138
124 139 141
140 142
141
159 127
145 160
146 144
130 145
163 131
164 149
148 133
134 166
135 167
153
169 152 154
153 170
171 156
155 157
156 173
174 159
158 143
144 161
160 177
178 163
162 179 147
180 148
166
150 165
151 168
167 169
168 153
154 186
187 155
188
157 189
175 158
191 174
177
161 176 178
177 162
163
181 164
182 180
183 181
184 182
185 183
186 184
170 187 185
186 171
189 172
173 188 190
189 191
190 175
